F_vib_harmonic = 38.04271906979566 eV
F_vib_harmonic / E = -0.030291633281778824
Cv = 0.053115095483357154 eV/K
alpha = 0.20368047973886944 1/K