F_vib_harmonic = 39.78118092070861 eV
F_vib_harmonic / E = -0.03093500699642953
Cv = 0.053128718756560375 eV/K
alpha = 0.20063207082785678 1/K