F_vib_harmonic = 41.186127453689004 eV
F_vib_harmonic / E = -0.03149256457174946
Cv = 0.05367366714318305 eV/K
alpha = 0.20108816346503677 1/K